1.25
1.61
1.3
.89
2.43
2.3
1.39
1.67
1.88
3.33
3.94
1.19
2.73
1.96
3.06
2.54
3.28
4.25
.81
2.52
2.55
.47
1.1
1.23
2.89
2.93
2.92
3.56
3.28
3.7
3.15
2.12
2.62
1.99
2.45
1.26
1.66
1.13
1.37
1.37
2.3
2.63
2.02
1.17
3
3.93
3.6
1.84
1.52
2.68
1.94
.31
2.69
2.45
1.87
2.39
1.24
2.28
.75
1.06
3.09
3.49
3.92
.89
2.62
1.18
1.49
1.25
1.92
2.5
4.35
2.74
.42
2.12
2.6
1.68
1.65
1.7
3.02
1.63
3.35
5.68
2.62
3.35
1.19
.33
4.41
1.61
2.98
2.4
.73
2.17
5.29
4.05
1.59
4.93
1.72
1.92
1.5
2.14
1.42
