4.7
1.27
3.95
5.93
1.45
5.7
4.15
4.63
1.17
3.01
4.04
2.39
3.17
.75
2.46
2.58
5.29
2.5
1.42
4.89
4.74
.85
.84
2.6
1.55
2.44
3.01
1.68
1.78
2.01
2.09
2.54
2.93
2.81
2.31
2.33
1.26
2.62
1.91
2.03
2.68
3
4.51
7.27
2.79
1.74
1.92
2.83
2.25
1.74
3.66
1.88
.5
2.48
2.74
1.19
1.16
2.39
2.33
.94
2.36
2.46
.35
4.34
4.11
4.75
3
2.45
3.28
2.54
3.25
1.74
1.77
3.71
.72
2.58
3.59
2.39
1.35
2.21
1.37
1.32
4.03
2.04
1.55
.21
.5
3.53
1.49
1.53
1.25
3.56
1.85
