.75
1.03
2.22
2.47
1.01
1.49
2.41
2.7
1.65
.9
3.36
.88
3.75
.92
1.52
1.45
2.22
4
.79
1.2
2.54
.99
1.19
2.24
1.02
.34
1.62
1.19
.95
.5
.66
1.25
1.93
.66
1.88
.65
.47
1.95
2.19
2.25
1.37
1.34
3.52
1.42
1.93
1.36
2.79
2.05
.79
3.18
2.26
.84
2.19
2.07
1.75
1.41
1.02
.93
.93
1.34
1.19
1.91
.86
2.31
.34
.99
.82
1.93
1.07
1.01
.89
1.24
1.8
1.98
1.32
2.7
.77
2.38
1.33
1.68
.72
.78
.97
1.13
1.09
.54
.95
.6
2.01
.4
1
1.79
1.61
1.54
.82
1.68
2.63
2.27
.85
2.49
.93
1.27
1.75
1.22
.88
1.48
.6
1.22
1.06
.8
.84
.46
.43
.86
.61
1.51
1.25
1.31
.45
1.84
1.42
1.05
5.2
2.25
2.32
1.9
.94
1.27
.99
3.13
.59
1.65
1.81
1.5
1.85
1.43
3.09
1.4
.58
.91
.54
1.44
1.87
.98
1.51
1.38
1.21
2.68
1.73
.39
2.52
2.14
1.28
1.31
1.26
1.33
2.5
2.54
.64
.55
1.63
1.21
1.75
1.86
.7
.75
1.13
.91
1.15
3.67
1.06
2.64
1.38
2.46
1.67
.32
.75
2.59
.92
1.39
1.46
1.21
.85
1.36
1.39
.82
2.75
2.2
2.05
3.23
3.34
1.06
1.8
2.28
1.31
.69
1.72
0
1.25
1.57
.86
1.43
1.43
1.12
.78
1.11
1.74
