4.53
2.45
2.54
2.71
4.89
2.32
4.37
1.74
1.86
2.88
1.69
3.89
2.78
1.77
1.73
1.23
1.79
.27
2.45
2.61
2.01
2.17
2.05
2.98
4.08
2.34
.3
3.57
2.06
2.06
1.66
2.74
3.99
4.14
1.84
3.52
2.61
3.8
3.17
2.89
2.64
3.93
.92
4.57
2.18
3.49
1.1
2.96
.83
2.63
1.86
1.25
.89
3.92
1.57
3.42
4.12
1.51
1.6
1.48
.81
2.34
2
1.3
2.25
3.78
4.3
1.86
1.56
.97
2.71
4.87
4.62
1.54
2.15
1.23
2.83
3.15
2.2
2.32
4.84
3.71
.64
1.79
2.39
4.01
2.34
2.92
2.77
2.57
4.27
2.17
1.39
4.17
3.03
4
2.29
1.79
2.35
3.1
3.72
2.52
1.32
2.06
2.52
4.34
3.95
3.32
2.16
3.63
3.35
3.34
1.9
2.26
1.5
3.21
2.65
1.2
1.57
1.41
1.41
2.06
2.57
2.28
1.98
