5.58
2.04
2.48
3.84
1.9
1.22
1.08
.53
.62
2.19
1.76
1.83
1.9
3.25
1.42
2.71
2.45
1.8
4.02
2.4
3.58
3.48
.71
1.58
1.97
0
4.71
4.35
2.48
2.83
2.07
1.67
1.57
4.94
1.23
2.07
2.38
2.94
3.65
2.55
.54
.92
1.36
1.43
2.87
2.91
7
.63
2.01
2.94
2.62
2.83
1.55
1.33
1.43
.97
1.88
1.8
2.82
2.06
1.05
3.98
3.59
2.08
1.65
2.52
1.21
2.24
2.04
2.07
2.68
2.02
1.92
1.09
1.04
2.72
2.12
2.07
2.49
2.74
1.59
2.73
1.45
1.02
1.61
1.1
1.65
1.12
.48
1.07
