1.38
.89
1.34
3.38
2.41
1.48
2.24
4.01
2.51
9.04
3.53
3.9
1.2
3.87
3.66
4.49
6.29
1.99
2.15
4.67
3.39
2.55
3.14
4.31
2.33
3.08
3.2
4.08
2.71
1.8
2.24
1.03
1.28
2.89
1.6
1.66
5.73
2.04
2.4
4.24
3.86
4.95
2.27
1.97
3.69
2.58
1.85
3.57
7.32
1.72
5.14
2.62
1.64
3.27
2.64
4.17
4.09
2.86
1.05
2.36
2.65
2.53
3.28
2.7
3.27
3.35
2.83
4.6
4.45
2.49
4.33
3
7.85
4.62
2.46
4.99
1.97
2.56
4.67
4.7
3.23
4.07
7.46
8.28
5.12
6.25
3.35
4.01
1.29
3.53
3.14
4.11
2.71
3.19
3.64
3.95
4.57
3.15
1.07
1.35
2.45
5.99
5.74
2.75
2.19
.78
5.05
4.57
3.61
3
4.58
3.68
3.16
2.49
1.97
3.26
3.04
3.68
2.33
2.77
2.17
4.87
5.37
4.45
