2.06
1.54
1.56
1.28
.33
2.03
.52
2.64
1.88
2.41
1.44
.96
.63
3.13
1.24
1.23
1.44
1.35
2.11
2.07
1.63
1.59
2.84
.9
1.97
3.7
1.75
1.42
.69
3.87
1.09
1.53
1.16
1.19
2.07
1.64
2.15
.81
1.42
1.28
2.09
2.67
2.54
2.78
2.01
1.19
3.78
2.66
2.74
2
1.64
2.28
.32
1.49
.51
2.07
1.51
2.53
1
2.77
.47
.9
2.13
1.27
.8
.27
1.88
3.89
3.27
1.65
1.37
1.52
1.53
1.56
.59
2.07
1.08
2.05
.31
1.23
.6
2.67
1.05
1.32
.91
.55
.86
.68
1.79
3.68
2.22
1.14
1.3
1.56
1.08
2.69
1.06
1.36
3.14
1.89
1.06
.89
2.76
1.79
1.4
2.63
1.8
.39
1.46
1.56
1.92
2.56
1.27
2.77
.61
2.44
.33
.75
.58
.72
2.3
1.56
1.03
.56
.84
1.96
.84
3.98
