1.66
2.09
.73
2.09
1.73
1.86
.64
4.89
2.47
2.34
1.25
1.71
1.3
1.92
2.13
2.16
2.22
1.57
.58
2.17
1
2.38
.98
2.43
1.15
2.66
5.33
1.53
3.2
.81
3.41
1.02
2.46
2
2.86
.53
1.63
2.31
2.46
1.55
5.58
2.18
2.24
1.83
2.85
3.2
.74
1.93
.56
3.28
.67
2.83
2.1
1.52
2.46
1.41
1.54
1.3
1.96
3.05
2.54
4.93
.97
2.97
1.49
2.61
2.52
1.41
3.11
.78
1.42
1.68
2.62
1.01
.66
2.16
2.64
1.68
1.52
.72
1.66
3.62
.31
3.14
1.44
1.34
1.56
.99
1.92
3.09
.78
.76
2.85
3.87
.82
1.72
1.27
1.51
3.84
1.17
1.38
3.64
4.29
2.34
1.4
3.62
3.07
2.99
2.04
.91
1.31
1.84
.94
4.26
2.84
2.66
4.34
1.63
2.86
3.09
.51
1.81
2.39
3.32
2.54
.81
1.21
3.59
2.03
5.6
3.18
3.49
4.32
1.55
3.15
2.26
.95
1.32
1.18
1.17
1.25
1.1
1.2
.5
1.45
1.36
2.63
.46
