4.26
3.81
1.83
5.2
1.62
1.94
3.97
2.19
3.11
1.29
2.48
4.24
5.15
2.79
4.41
6.13
1.23
3.77
1.04
3.41
2.53
2.7
2.76
1.98
1.36
2.15
4.19
.93
1.98
2.67
1.12
3.57
1.99
3.62
3.72
2.93
2.69
3.83
2.54
3.97
2.23
1.94
1.39
2.49
1.24
4.83
2.25
1.61
2.98
2.49
1.06
1.93
5.34
4.74
3.51
1.53
3.71
1.15
1.75
4.57
4.06
3.43
5.71
1.98
2.86
4.48
4.75
2.85
2.82
.52
.54
3.37
3.69
1.69
1.6
1.57
2.97
2.7
4.93
4.86
5.16
3.14
4.07
1.78
2.31
2.72
.62
2.29
.54
2.97
4.36
2.09
5.07
2.43
.39
1.15
.31
1.34
3.15
1.48
2
1.29
3.05
1.97
2.15
2.49
2.69
3.91
2.36
1.71
.89
1.65
1.27
3.31
3.56
6.37
.33
4.55
1.3
3.43
1.19
1.21
3.22
5.35
2.92
1.18
1.05
.92
2.67
3.83
2.97
3.5
4.32
3.34
1.97
3.26
1.42
2.75
1.81
3.29
2.41
1.19
3.45
3.95
2.6
1.82
4.86
1.51
2.28
1.09
2.12
4.06
1.49
2.42
2.35
4.18
.86
2.59
1.18
1.4
1.47
2.9
5.81
1.99
3.99
.71
2.01
.44
1.34
2.34
1.94
1.92
1.92
2.08
1.48
5.98
3.53
6.3
