4.02
1.82
3.05
.51
1.74
2.47
1.97
2.83
1.2
1.9
2.46
1.06
1.24
1.66
2.06
3.27
1.02
2.29
1.4
3.24
1.84
2.36
2.08
1.63
2.26
2.89
1.48
2.14
2.06
2.17
.94
1.6
1.77
3.18
1.55
2.01
2.34
2.41
2.26
2.44
1.66
2.17
1.31
1.35
.59
3.81
2.74
.92
1.71
.85
1.58
.52
2.02
2.84
2.22
2.31
2.99
1.76
1.37
1.64
2.26
1.94
2.12
.77
3.96
2.2
4.42
.43
1.67
2.54
2.71
2.36
3.3
3.3
2.32
2.52
3.12
1.78
3.45
5.48
1.91
3.14
2.58
1.39
1.14
2.05
.26
2.99
2.84
1.67
2.03
1.74
1.02
1.1
.58
1.6
1.7
2.52
2.29
2.24
.39
2.1
2.02
5.23
1.37
.88
1.34
.78
1.43
4.04
3.83
1.4
1.13
2.04
2.03
2.69
3.84
1.47
.47
2.79
1.14
3.21
.9
1.69
.69
.99
1.39
1.78
2.32
2.27
1
3.74
2.44
4.72
.81
3.18
2.08
2.15
.81
.97
3.22
1.59
.45
2.32
2.06
1.48
1.56
2.29
2.77
2.62
