1.54
1.77
1.83
5.77
3.07
1.04
2.61
1.61
2.88
2.06
3.47
5.25
1.38
2.81
1.24
1.96
2.31
3.1
3.18
1.75
3.24
1.26
2.3
2.71
3.07
2.82
2.84
3.32
2.85
2.56
3.11
1.08
4.24
1.45
.61
.99
1.99
2.56
1.12
2.97
3.55
2.44
4.44
4.29
3.29
2.21
2.2
2.64
2.02
3.42
2.91
2.14
3.4
2.71
6.58
.85
.89
4.17
3.5
2.29
2.68
1.96
2.05
3.99
3.65
1.85
1.98
.52
1.9
2.97
2.11
3.11
2.03
1.68
3.91
5.36
3.14
2.91
1.24
4.24
3.73
4.45
2.28
2.53
3.06
3.03
1.85
2.32
4.71
1.04
3.85
1.49
4.46
2.43
1.02
3.86
4.19
4.38
2.97
3.22
3.78
3.28
2.9
6.08
4.35
3.82
6
4.78
2.95
1.66
4.03
3.37
5.65
2.6
1.14
2.63
4.01
3.44
2.15
1.08
3.54
3.28
5.82
2.83
3.03
2.38
4.31
2.55
2.55
.67
2.97
1.97
4.13
.91
5.58
4.54
3.39
3.3
2.52
3.6
1.47
2.79
2.49
3.44
4
2.76
.83
5.58
3.11
2.7
1.43
2.78
4.43
5.46
4.86
.56
4.13
3.85
2.53
2.64
2.54
1.78
4.24
1.41
3.83
1.93
2.77
2.99
.7
3.72
2.03
1.21
2.14
5.36
2.29
2.88
2.82
4.08
