2.1
1.79
1.31
3.29
.32
4.07
1.29
2.74
1.33
2.77
1.07
2.08
2.33
3.51
2.6
3.21
2.49
.59
1.51
2.19
2.22
3.58
1.54
.95
1.32
.36
.36
1.22
.3
1.38
3.35
1.95
3.03
3.45
2.67
1.92
1.92
2.12
2.46
1.96
1.74
1.11
1.05
1.16
2.03
3.32
2
3.36
1.3
1.06
.63
1.13
2.28
1.96
2.88
1.48
2.09
3.98
.18
1.61
2.31
2.82
3.58
3.65
1.53
1.5
1.61
.26
1.94
3.73
2.98
.62
.86
2.33
1.81
1.69
1.3
.93
1.65
.94
2.21
2.96
3.57
2.72
2.07
3.15
2.21
1.09
.96
2.46
4.09
2.68
3.5
2.13
2.79
.57
2.86
2.37
2.66
1.48
.91
1.56
1.84
2.32
1.28
1.98
2.69
.36
1.2
.98
3.36
1.95
1.89
2.96
3.22
1.23
1.58
1.35
1.5
2.57
1.63
1.1
3.58
3.47
1.06
1.46
2.07
2.71
2.09
.18
2.07
3.23
2.23
1.78
2.31
.58
3.39
1.68
3.38
1.13
2.47
2.31
1.51
3.69
1.12
1.93
1
1.92
1.56
1.74
2.72
1.58
3.12
1.2
3.95
1.89
2.44
2.78
2.29
2.7
.4
.76
2.17
1.63
1.46
1.63
3
2.08
3.28
3.03
2.68
.22
2.6
3.22
2.75
2.72
1.66
3.82
5.41
1.74
.83
1.28
1.2
1.85
1.99
1.12
3.18
2.9
.87
.97
1.18
2.53
1.19
