2.3
8.46
1.25
1.39
1.3
.6
1.24
1.77
4.43
3.52
1.23
1.89
.98
2.45
5.11
4.04
3.16
2.49
2.44
1.68
1.84
.92
3.66
4.71
1.99
3.86
.87
2.58
.83
1.41
1.83
1.44
.9
1.25
.2
.52
1.51
5.33
.86
1.38
2.69
2.44
3.06
.46
1.95
3.54
2.55
2.98
1.62
2.55
3.57
2.45
1.89
.88
5.31
3.42
1.18
3.15
2.35
2.38
1.84
.95
1.12
1.52
1.55
4.42
.3
1.78
1.17
4.57
.85
2.71
2.72
.3
1.64
2.4
1.82
2.47
4.07
1.37
2.38
1.73
2.08
4.01
1.81
2.49
1.37
1.24
1.44
2.75
2.52
3.55
1.63
1.58
.87
1.96
2.65
3.57
1.85
3.82
2.87
.8
1.11
.84
2.64
1.14
2.52
1.28
1.84
2.39
5.2
1.5
1.69
2.2
3.23
1.14
2.25
2.9
1.94
2.26
2.03
2.91
1.46
3.46
2.18
.58
1.47
2.13
4.03
6.1
1.79
.52
2.58
.53
1.42
2.36
.7
1.69
3.52
1.88
.59
1.29
2
2.88
2.93
3.14
1.38
3.97
1.69
1.48
4.19
1.5
.78
3.02
.89
1.97
2.53
3.2
3.11
.82
2.61
1.21
1.34
1.51
.36
.52
.76
1.42
1.71
3.27
.98
2.55
2.08
3.17
4.94
4.92
1.67
.37
.92
2.58
2.61
8.95
1.04
1.16
.94
2.09
.98
2.74
3.13
2.26
1.86
1.35
2.71
1.01
1.73
1.1
1.67
1.84
2.01
.83
1.76
3.57
1.63
1.92
1.64
2.73
2.67
2.1
2.79
2.45
1.19
