1.27
2.45
2.47
4.86
2.2
3.41
2.86
3.12
2.12
4.67
2.18
2.48
2.18
3.63
2.79
2.3
2.54
1.93
2.79
5.16
3.11
2.05
.82
4.1
.83
1.29
1.85
1.29
3.2
2.45
1.07
1.68
2.87
1.44
1.87
2.02
1.01
1.21
4.24
1.73
3.34
.78
.93
3.66
2.3
3.28
5.02
2.97
1.16
1.76
1.29
.97
5.59
1.16
3.38
.77
2.59
.87
.25
1.28
1.18
2.09
2.85
1.99
3.52
1.07
2.41
.82
1.18
2.36
1.82
4.79
.63
3.07
3.62
3.54
3.31
3.73
1.28
4.63
1.06
2.26
1.18
1.76
2.65
.69
4.44
2.64
2.97
2.01
1.63
2.38
3.32
1.22
2.01
2.22
1.14
3.85
2.8
3.68
2.22
3.08
4.69
4.2
1.6
1.95
2.16
2.48
4.4
2.7
1.69
1.46
2.25
2.02
1.95
1.31
1.36
.74
1.48
3.45
.89
2.04
1.01
2.96
2.12
2.78
2.26
3.45
2.3
1.32
3.71
2.88
2.95
4.1
2.82
3.67
2.71
1.96
2.74
2.6
1.49
1.38
2.04
1.55
3.88
1.73
1.87
.47
.81
1.43
1.14
1.03
2.63
2.72
3.17
1.79
2.02
6.7
2.68
3.41
3.52
1.84
3.08
.86
1.66
4.18
2.63
2.66
.36
1.15
3.84
3.99
4.25
4.25
4.21
3.78
3.58
2.44
1.51
1.91
3.03
4.15
1.14
2.67
3.92
1.44
1.91
2.19
2.09
2.54
1.3
1.89
2.43
3.21
.75
1.05
1.11
2.05
5.27
4.01
1.59
1.74
2.1
1.1
2.82
2.64
2.86
1.49
2.62
1.72
3.05
4.32
2.34
1.61
1.69
2.33
5.76
2.48
1.37
1.52
2.74
3.57
2.79
4.57
4.31
