2.72
2.2
3.74
4.25
1.73
2.72
3.49
3.61
.62
2.17
3.51
4.79
2.73
4.52
1.86
4.17
2.61
1.62
3.91
2.53
4.2
.49
.34
3.32
2.13
4.3
2.13
2.69
1.25
2.95
.72
4.17
2.77
5.92
6.48
5.1
1.29
1.95
5.31
4.18
4.3
1.84
1.68
2.7
1.32
2.68
1.2
2.8
3.11
1.06
3.99
5.5
3.69
4.33
3.67
4.22
2.28
2.03
3.85
2.12
3.39
4.12
2.22
2.78
2.14
3.85
2.7
2
1.47
3.61
3.49
2.12
2.37
2.88
3.79
2.39
2.92
3.85
3.3
1.91
1.53
2.06
5.29
2.18
2.52
1.81
4.26
3.72
4.46
2.32
2.06
4.56
3.39
.36
2.13
1.89
4.14
6.22
2.14
3.78
4.07
4.1
3
4.51
4.9
4.31
4.9
3.12
4.31
1.82
2.93
.4
3.85
2.9
1.82
1.01
1.5
3.46
3.11
3.65
3.48
2.73
4.22
1.68
1.19
3.32
3.09
.91
2.72
6.39
2.82
1.46
1.76
2.39
4.5
4.43
2.45
2.99
1.55
4.54
1.99
3.15
1.46
4.34
3.64
3.78
2.42
1.88
6.39
6.43
4.87
3.33
1.64
2.78
1.47
1.24
1.72
1.69
4.32
2.89
3.61
4.16
4.12
3.75
5.05
1.92
4.84
.71
1.43
2.53
2.63
