.96
.83
2.65
.9
1.39
2.42
2.5
2.52
1.17
1.4
1.66
.92
1.53
3.34
2.28
2.93
4.07
4.86
4.24
.64
2.05
2.41
2.16
.59
1.86
1.69
.63
.44
2.32
1.32
1.53
.41
1.42
2.06
4.08
4.83
2.48
.81
1.74
2.57
1.72
1.88
2.45
1.92
.6
1.34
.46
1.5
1.65
1.39
2.65
.91
2
1.74
2.4
.58
1.27
4.03
1.87
1.58
1.17
1.63
1.19
2.89
1.87
1.82
3.1
2.58
1.48
1.97
.45
2.28
1.29
1.58
4.18
1.1
1.65
.76
1.36
1.06
3.27
5.4
.99
3.47
3.88
3.73
1.39
1.57
2.15
1.95
1.62
1.19
.99
2.24
1.66
2.79
1.44
1.48
1.84
1.39
2.24
2.79
.63
2.14
1.17
.51
2.51
2.85
1.86
1.35
1.77
1.69
2.71
2.73
3.12
1.73
.22
1.24
1.38
1.95
1.97
3.67
1.37
1.8
1.97
.52
.97
2.56
2.23
1.23
2.17
1.11
1.29
3.21
4.6
1.98
2.05
2.69
3.54
