5.67
5.1
1.43
2.43
2.16
2.32
4.95
2.27
4.03
2.23
5.23
3.74
.52
1.41
4.99
2.91
4.03
1.26
4.45
2.53
2.75
1.02
1.96
3.03
2.61
4.15
3.7
3.74
3.66
2.79
1.26
3.6
6.16
1.7
1.11
3.73
.73
1.19
2.27
1.95
2.43
2.83
2.03
4
1.56
1.32
1.92
1.89
2.54
.98
.8
2.5
2.59
0
2.63
.95
1.51
2.76
5.88
2.06
4.42
3.11
7.03
2.76
3.07
3.31
3.69
4.8
2.2
1.55
4.37
3.47
4.28
2.16
4.42
1.51
2.68
3.11
.3
3.28
4.41
2.19
1.94
2.52
3.27
3.02
3.62
2.79
.95
5.82
3.55
3.44
3.7
7.13
4.79
7.01
2.22
3.18
3.48
3.68
2.15
4.06
3.13
2.46
3.75
4.28
.84
1.99
1.37
2.94
1.68
4.7
3.51
1.2
.8
3.31
