2.51
2.44
3.02
4.19
1.42
1.99
3.72
1.14
1.22
3.44
1.09
.47
5.66
2.21
2.34
1.05
4.92
2.38
1.18
.92
2.94
1.4
.58
2.01
.28
4.88
1.97
1.87
1.47
2.75
2.71
4.34
5.38
4.4
.44
1.55
1.61
3.08
1.68
2.63
2.93
4.8
3.24
1.76
1.34
2.35
2.53
5.04
.52
2.19
1.48
3.17
2.24
5.1
2.42
4.53
2.19
2.08
2.12
2.32
2.66
3.26
2.67
3.37
4.64
2.28
2.2
1.15
1.12
7.4
3.3
1.75
4.12
1.6
1.76
2.77
1.79
1.68
2.13
3.2
1.83
3.2
2.42
1.31
3.94
2.4
3.53
.83
2.95
.36
1.45
2.52
1.56
3.15
2.99
1.01
.52
3.5
1.94
1.34
3.57
1.27
3.82
4.26
4.45
2.46
3.54
6.46
3.38
.58
2.02
.85
1.59
3.11
1.83
3.75
3.33
2.03
.68
2.35
2.57
2.24
2.25
1.41
1.25
4.71
1.26
3.12
1.48
.49
1.9
3
6
5.69
3.57
1.3
2.11
1.23
6.5
2.9
3.44
4.39
.41
3.22
7.29
5.83
1.69
3.36
1.96
2.98
3.68
1.62
1.49
2.54
2.2
1.97
2.11
2.52
.73
2.03
4.34
5.8
2.06
3.05
1.05
3.11
3.67
2.28
2.18
4.73
4.91
1.31
2.31
1.25
3.02
2
1.71
2.91
.51
3.01
3.57
1.16
1.35
2.07
.77
1.79
3.41
3.46
1.89
1.71
2.51
3.02
8.32
1.53
.92
2.09
2.58
1.95
4.35
.63
.81
2.03
1.68
2.59
4.55
1.5
1.96
4.2
2.08
2.06
3.16
.54
2.64
1.21
