3.9
2.36
.69
.94
3.71
3
3.34
2.29
4.92
5.87
1.17
.71
5.57
5.19
3.45
1.46
3.68
1.62
3.06
.63
1.27
2.81
.5
2.18
3.51
2.87
4.83
.75
1.53
2.91
3.6
3.09
2.59
3.74
1.83
2.66
3.31
1.06
.16
3.21
8.84
3.94
2.17
1.61
3.78
1.05
3.49
3
2.85
1.56
2.02
2.11
1.53
1.92
3.68
2.04
2.48
3.27
2.77
3.42
2.46
2.45
2.75
6.55
4.71
4.81
3.05
1.52
1.91
2.3
2.69
6.16
2.54
.49
1.14
4.48
.77
3.53
1.48
3.23
3.78
2.98
1.44
3.17
4.78
4.05
1.94
4.42
2.56
4.52
1.93
1.17
4.23
2.51
5.62
4.08
4
2.39
2.93
2.67
.6
1.95
3.11
2.82
1.91
2.72
3.06
2.31
2.52
4.61
4.83
2.25
2.85
.66
4.23
3.06
3.28
2.32
2.53
2.39
2.45
1.75
2.02
3.25
6.52
1.96
2.82
3.05
2.2
4.63
3.91
5.38
.45
3.95
1.8
2.91
3.68
3.42
1.9
3.96
.41
3.03
3.65
2.84
2.41
1.15
1.31
4.06
4.84
.84
2.27
.98
4.36
13.36
