3.53
2.6
2.41
2.21
2.71
2.13
7.68
6.24
.94
3.76
2.7
1.39
2.4
5.33
3.4
3.47
5.01
4.69
1.65
2.59
1.81
5.25
2.93
5.28
2.15
2.67
4.15
2.04
2.33
3.09
3.1
2.18
2.21
3.72
6.2
2.2
1.73
5.01
2.67
4.53
3.26
4.56
3.09
3.03
2.43
3.9
1.39
3.97
4.16
3.26
2.58
5.38
4.47
2.88
3.56
1.6
2.85
3.88
1.66
3.67
3.19
3.31
3.62
5.1
3.53
1.65
2.71
.92
4.54
5.74
4.55
1.65
2.65
3.46
1.05
3.24
3.98
2.39
3.05
2.62
2.37
1.88
1.24
3.5
3.86
2.91
1.6
4.27
3.09
1.35
4.4
3.19
1.63
3.05
1.53
2.44
