2.97
3.82
4.24
5.58
4.06
5.07
4.98
3.69
3.58
4.63
6.84
3.46
6.13
3.75
4.08
4.56
2.22
2.29
.87
4.02
3.56
3.62
3.39
.57
4.46
5.84
6.3
3.13
5.16
5.23
6.41
1.98
3.82
1.62
3.7
3.15
8.61
5.22
5.45
5.5
5.97
3.38
5.21
1.65
3.1
8.66
6.37
11.4
4.69
6.32
4.82
2.55
6.95
3.27
3.68
4.48
4.49
2.67
6.87
1.01
4.65
4.01
3.31
7.71
2.57
2.05
2.29
3.69
2.36
1.69
6
7.08
3.07
4.8
5.94
4.78
1.57
2.44
4.44
6.79
2.72
2.06
6.78
6.42
4.8
1.87
1.83
3.58
4.23
1.18
7.49
3.76
3.14
1.96
1.71
.44
4.03
5.26
3.89
2.57
1.97
4.82
6.31
5.92
5.62
8.97
4.62
2.07
.79
2.54
2.52
4.3
6.71
3.84
8.15
3.45
5.64
4.61
5.16
5.58
6.74
6.26
4.31
7.2
5.13
4.73
1.54
2.82
5.56
1.79
3.23
4.27
