4.39
1.46
.6
1.52
1.65
2.48
2.17
4.08
.7
4.21
1.07
2.84
1.31
1.96
.82
3.09
2.51
3.06
1.41
1.88
2.13
.31
1.4
5.49
1.48
.39
1.01
1.22
4.11
1.83
6.39
3.58
1.85
.45
.85
2.08
.86
1.53
1.99
1.95
2.28
1.62
3.89
5.05
.73
1.74
3.36
3.78
1.86
1.58
1.86
2.74
1.94
5.88
1.38
2.7
2.28
2.61
1.1
1.51
2.38
4.05
2.16
3.93
1.62
.26
1.8
2.6
1.86
3.13
2
2.16
1.9
.9
1.05
.78
2.38
.93
1.73
1.54
1.37
1
.65
1.89
.38
3.86
3.14
1.69
1.08
2.59
1.49
2.52
2.76
3.23
2.49
.93
3.13
3.11
2.06
2.71
2.11
1.53
2.51
2.51
2.4
.83
1.95
.55
1.09
2.17
3.47
1.86
1.5
1.68
4.77
3.23
3.35
4.13
1.16
1.28
1.51
1.26
.4
2.31
1.78
1.6
3.44
1.45
2.59
2.28
1.75
3.1
4
2.76
1.48
4.16
4.75
4.01
3.35
1.16
3.2
2.43
1.62
1.43
1.4
1.95
1.02
1.87
1.3
2.2
2.41
2.48
1.63
4.38
1.51
.2
3.93
3.34
1.94
1.21
1.13
1.29
2.09
1.63
2.59
1.8
.59
4.31
1.38
2.98
2.99
1.84
1.65
.8
1.23
1.51
1.3
2.11
2
1.67
1.93
1.09
1.04
1.66
.61
1.22
1.05
2.85
.46
.59
1.22
.96
1.16
1.82
2.16
2.7
1.12
2.49
3.42
1.22
3.08
2.79
2.56
.91
1.91
1.34
1.2
1.25
