2.66
1.88
1.84
1.76
1.58
.58
1.53
1.98
1.64
.41
3.21
2.22
.76
.63
1.87
1.43
1.41
1.62
1.67
.87
1.3
2.19
3.93
2.65
2.22
1.86
2.26
2.48
1.68
1.12
2.72
1.69
.72
2.51
2.44
2.41
2.52
1.67
2.47
3.18
2.5
2.93
.31
3.35
1.73
1.89
1.35
1.65
.68
.92
.61
2.73
.94
3.29
1.04
1.27
1.45
2.57
1.52
1.77
1.15
2.45
1.31
2.39
2.88
2.06
.65
.31
1.28
3.01
4.37
1.03
1.61
.87
1.77
1.52
1.93
1.96
1.07
.67
1.27
4.02
2.69
1.51
.98
1.46
2.37
1.28
2.57
.45
2.21
.8
.41
2.32
.53
1.2
2.05
.84
1.46
2.2
1.81
1.47
.67
3.48
2.38
1.41
2.24
3
.75
2.3
.57
1.19
1.04
1.42
1.33
1.26
.99
1.4
1.54
2.34
2.85
2.31
1.98
.48
2.32
2.5
1.67
2.03
2.61
2.13
1.63
1.54
1.07
2.42
3.2
1.34
2.21
1.31
