3.34
3.72
4.98
2.26
4.46
4.5
1.54
2.12
4.31
5.06
2.11
5.86
3.76
2.76
4.64
.99
2.46
2.28
4.59
2.55
3.28
2.08
1.69
5.02
4.19
4.34
1.65
4.55
4.41
1.81
5.36
5.19
3.34
3.82
3.59
2.39
2.26
1.71
4.5
4.27
2.01
5.09
2.01
4.24
4.04
3.69
5.39
2.93
5.11
2.01
3.01
4.01
1.85
1.63
3.01
2.53
3.6
1.95
1.96
4.22
5.29
.98
7.8
2.18
1.38
2.37
4.34
4.16
5.34
3.8
3
3.18
2.03
3.16
1.83
1.78
5.55
4.21
3.64
3.68
1.11
2.37
4.26
3.5
1.21
1.19
4.27
3.69
2.81
3.51
5.15
1.49
5.42
5.6
4.8
.42
4.66
1.88
2.6
8.12
3.86
2.93
2.38
3.24
2.25
4.53
.82
6.67
5.35
1.18
4.5
3.47
2.14
2.8
3.47
7.11
3.73
1.69
2.63
5.41
2.89
5.39
2.42
2.45
2.05
2.15
2.99
4.4
5.57
3.2
7.81
2.31
4.68
2.51
4.56
2.11
2.01
5.04
3.89
3.11
4.85
2.4
.65
2.34
3.36
4.92
4.92
3.54
1.31
2.01
3.68
6.7
8.19
5.73
5.9
3.82
3.28
5.39
3.36
1.1
