1.02
1.75
3
2.38
2.78
1.86
1.05
3.19
3.89
3.84
2.92
3.53
1.57
1.97
2.93
3.13
3.01
5.42
2.44
4.77
4.9
1.28
1.01
2.27
3.12
1.77
2.76
3.21
3.38
3.49
2.23
2.76
3.39
3.51
3.29
3.59
3.68
4.31
2.53
3.6
3.36
2.66
2.07
2.97
4.15
2.76
1.63
6.93
1.79
2.57
2.37
2.59
4.05
6.02
4.63
3.64
2.44
.96
2.8
3.02
5.87
1.36
4.44
3.24
2.09
4.36
3.58
1.85
2.6
4.93
2.81
3.56
4.11
1.73
.85
2.8
3.14
1.75
1.85
1.55
1.57
4.76
5.3
2.21
2.77
1.63
3.49
3.4
5.99
2.93
3.92
.74
2.72
3.91
1.06
7.53
4.53
2.12
1.58
3.01
3.92
3.08
3.65
2.34
6.97
