2
2.36
1.5
2.3
1.03
1.63
1.34
2.68
.18
1.64
1.6
1.21
1.59
1.49
1.2
.93
.83
1.3
2.51
.95
1.79
2.12
1.36
1.62
3.34
.97
2.11
1.96
1.84
1.34
2.47
1.84
1.96
1.94
1.7
1.07
.58
2.53
2.63
2.32
1.46
2.1
.74
1.24
1.58
1.28
1.94
.45
1.59
1.62
2.74
.45
1.65
1.28
1.17
2.46
2.58
.37
3.04
1.74
3.09
.54
1.87
.25
.63
1.2
1.42
.64
1.4
2.23
2.17
1.72
1.43
2.86
1.9
1.49
1.15
1.04
.86
1.39
1.99
1.47
2.15
1.46
2.13
.84
2.02
.37
1.68
.63
.85
1.43
.54
2.16
2.17
2.58
3.12
1.51
1.01
.64
2.89
.85
1.97
1.2
1.35
.88
2.74
.55
3.33
1.38
1.69
1.1
1.66
.4
2.63
1.56
1.58
.78
2.01
.42
1.63
1.11
.99
.45
1.06
.73
1.87
2.3
1.38
.88
.66
2.68
1.35
.94
2.19
1.23
.96
2.19
2.08
1.25
1.43
.74
1.85
1.74
2.07
2.12
1.19
1.32
3.27
1
1.81
1.13
1.67
1.4
1.52
2.16
1.16
.99
2.58
.72
1.88
.89
.76
2.07
.96
1.23
1.18
.83
2.91
1.22
1.48
3.12
.27
.97
.75
2.33
2.34
.67
.52
4.47
2.17
1.61
.82
2.01
.76
2.15
1.23
1.86
1.01
.87
1.78
3.03
1.31
