3.77
.62
.32
1.64
1.47
1.14
1.17
.78
1.46
1.06
1.23
3.37
1.09
.85
3.07
1.77
2.31
2.45
3.65
1.88
1.24
2.87
3.64
2.99
.59
1.49
3.93
2.75
3.79
2.67
3.08
1.4
1.45
1.39
2.58
1.72
1.02
3.4
2.13
1.52
3.84
1.76
1.01
1.5
1.53
2.73
3.52
1.82
5.38
3.08
.5
2.52
1.24
.72
1.46
2.29
1.64
1.51
1.97
1.29
2.12
3.06
1.97
1.47
2.73
1.83
2.2
4.86
2.82
2.04
3.67
1.7
1.22
.86
1.12
2.41
1.06
1.2
4.41
1.89
3.12
1.84
1.01
2.68
3.77
2.83
.47
2.16
2.84
2.95
2.1
2.46
1.33
1.26
3.23
2.98
.86
1.77
2.37
1.76
2.69
2.24
1.64
1.54
1.29
1.73
3.92
.26
2.99
.49
3.17
1.67
2.17
3.2
2
2.48
1.99
2.54
2.73
1.3
.45
1.05
.93
1.8
1.64
5.05
0
2.44
4.49
1.48
3.05
2.18
2.66
1.65
1.94
2.64
2.31
3.6
1.02
3.73
2.03
1.9
2.09
3.44
3.87
.96
3.07
1.8
2.52
1.15
.33
2.14
.62
.95
2.12
1.83
1.16
.58
1.69
2.91
1.49
1.45
1.55
1.86
1.31
3.24
.46
1.72
2.45
3.75
1.87
5.8
2.92
1.25
