3.76
1.56
2.14
2.07
.83
2.9
2.15
1.16
.55
2.08
3.75
2.15
1.64
1.91
2.25
5.23
.95
1.38
1.11
.91
2.73
2.44
1.85
.91
1.91
1.45
1.71
1.21
2.91
1.84
1.88
2.26
2.73
2.08
2.16
1.37
2.42
2.11
1.72
1.4
1.92
2.99
2.36
2.09
2.81
5.41
3.05
1.64
1.47
1.08
3.39
3.23
4.56
3.2
1.21
1.2
2.89
1.44
2.96
5.16
2.42
1.91
4.81
2.09
2.14
6.08
2.74
2.57
1.05
3.63
1.79
3.43
3.53
3.05
1.44
2.42
4.98
2.8
2.5
2.74
5.2
2.84
.91
2.61
1.76
1.91
1.73
1.85
6.12
3.28
1.57
2.75
.92
2.54
4.48
2.43
1.12
2.62
2.15
3.77
3.15
2.13
.58
.69
3.05
3.05
3.88
1.64
1.4
1.5
2.27
1.11
.7
1.94
3.75
2.55
1.89
