3.86
1.97
2.29
3.26
2.58
1.46
2.58
3.02
3.27
1.14
2.54
3.32
2.13
1.19
2.15
2.99
1.36
1.3
2.77
2.39
3.11
4.05
1.63
3.46
2.55
2.46
2.02
3.24
4.72
4.18
5.17
1.89
3.12
2.05
1.61
5.4
4.01
1.96
4.38
1.93
1.39
2.43
1.94
2.67
3.45
3.96
4.66
1.86
2.77
3.19
2.82
4.63
2.28
2.79
2.51
2.18
2.18
3.18
1.25
1.13
4.99
4.62
1.19
4.56
2.07
2.44
3.41
4.79
1.52
3.18
2.08
3.13
5.25
8.44
3.42
4.86
4.62
4.94
2.63
4.43
5.78
2.55
4.91
3.82
.63
.87
2.73
3.33
2.67
3.9
1.98
4.33
2.55
4.07
3.34
3.63
1.25
3.06
3.24
2.99
.35
3.79
2.91
1.8
2.2
3.01
1.52
4.6
4.84
2.59
4.13
4.46
4.02
6.67
1.51
3.94
4.29
1.74
4.03
1.69
3.02
1.08
1.47
.32
2.44
6.31
3.64
1.34
3.75
5.55
.95
3.39
1.54
2.82
1.77
3.75
4.29
3.39
6.79
