1.96
2.45
3.06
.85
1.66
2.45
2.15
3.51
1.72
3.27
.31
1.58
1.54
4.95
1.04
1.74
1.29
2.02
2.24
2.11
2.59
4.73
2.49
.77
2.78
3.41
2.96
3.45
3.97
1.63
2
4.43
2.01
3.48
4.09
3.7
2.19
1.82
4.97
3.32
1.25
1.91
2.35
3.73
2.53
1.21
2.92
3.52
3.82
1.95
1.99
2.29
1.55
2.64
1.52
2.92
2.94
4.12
4.48
1.27
3.36
4.75
4.27
2.42
4.28
.68
1.37
1.47
2.28
2.02
2.98
2.85
3.66
4.09
1.92
1.56
2.18
4.14
1.32
2.48
3.79
4.03
2.21
5.24
2.58
1.96
1.83
3.23
2.34
1.88
6.31
3.67
3.51
2.15
2.83
1.26
1.04
1.37
2.63
3.77
1.48
3.78
2.35
.56
2.09
3.53
.57
1.38
2.01
2.56
4.58
3.74
4.01
1.45
3.85
1.94
1.79
2.44
2.36
1.82
3.64
1.75
2.56
2.78
2.12
2.34
1.8
.98
2.58
1.5
2.29
3.05
1.45
2.4
3.11
2.53
1.94
1.63
2.06
3.86
.74
3.42
3.03
