4.48
5.5
5.69
2.46
2.69
4.5
.51
.91
.28
3.81
5.33
3.91
5.49
2.35
3.43
2.98
2
4.81
2.58
3.34
2.29
4.26
.52
2.71
3.37
2.38
2.61
4.61
2.29
.61
2.22
.51
4.39
1.8
.68
2.03
7.38
1.38
2.43
5
2.44
2.11
1.23
1.75
3.19
4.84
1.19
2.63
2.52
2.58
3.03
.16
2.46
2.16
1.65
2.93
5.28
2.26
4.46
2.74
1.97
4.99
3.19
3.99
5.99
1.49
.91
1.33
4.48
3.98
3.55
1.87
3.3
1.68
1.77
.96
2.25
1.4
3.58
.46
1.46
2.14
3.12
2.75
2.03
1.6
4.1
.65
3.01
1.94
2.25
2.34
4.62
4.99
2.8
1.73
1.71
4.7
3.01
1.48
2.47
2.04
1.25
2.94
4.89
3.33
2.29
3
1.17
5.38
3.65
5.66
2.33
3.92
1.84
3.22
2.46
3.08
6.23
4.49
2.92
2.36
1.9
3.88
3.4
1.82
1.51
1.76
5.2
5.76
4.15
1.88
1.16
5.95
2.31
2.56
1.11
6.74
4.86
5.71
2.74
4.74
3.37
2.28
2.62
4.36
4.79
4.09
3.61
3.06
1.28
2.31
3.65
4.6
3.62
1.75
2.52
3.8
2.19
5.18
1.09
.88
2.29
1.66
1.25
.31
2.92
5.96
3.52
2.08
2.27
2.4
1.83
3.81
