2.41
2.24
6.78
2.91
2.59
1.67
2.92
2.28
3.76
1.83
2.99
2.43
1.33
3.42
1.31
4.37
5.2
5.2
2.31
1.59
1.02
1.41
3.14
2.69
1.44
1.97
3.26
1.28
3.11
2.4
1.23
.86
1.99
2.54
3.44
2.29
1.79
2.55
3.83
3.69
1.31
3.66
2.22
4.34
3.65
4.45
3.46
3.89
1.39
4.41
4.98
4.1
2.56
3.42
2.67
1.88
2.35
2.78
5.53
5.66
2.19
6.3
4.82
5.01
1.23
4.43
1.02
2.74
5.1
4.57
3.63
4.87
3.16
3.68
2.38
.9
4.86
4.66
4.71
2.49
1.57
2.9
3.3
1.77
1.87
2.6
3.41
4.01
5.69
3.06
1.27
4.66
5
3.28
2.32
2.79
6.01
5.1
2.16
2.21
4.53
3.94
3.55
2.38
2.51
2.7
3.3
5.37
5.73
2.5
3.85
3.29
1.88
1.96
2.6
4.69
4.6
3.46
5.9
3.89
4.04
2.88
3.19
4.71
3.61
2.99
2.55
2.76
2.98
.31
1.64
2.03
4.49
5.22
3.19
5.58
2.5
1.99
3.31
4.9
4.46
1.42
