4.06
2.1
2.23
4.6
2.11
1.06
1.85
2.43
3.39
3.1
4.21
2.84
1.71
1.71
1.83
1.41
2.17
1.77
2.82
2.27
6.8
3.88
3.79
2.26
2.44
2.61
1.46
2.9
3.45
3.09
2.35
4.58
2.74
4.44
4.72
3.27
3.86
2.15
3.12
1.28
3.16
4.15
3.49
3.57
1.92
2.23
3.02
3.31
3.26
3.3
6.47
1.71
4.87
.49
2.77
3.81
2.62
1.44
5.62
2.57
3.08
2.66
3.23
1.31
4.75
4.47
5.02
3.64
4.02
4.16
4.69
2.76
2.84
2.41
3.42
4.4
5.39
1.84
3.41
2.11
.46
2.71
3.65
.65
2.4
2.53
1.1
3.22
2.98
4.49
3.46
1.73
2.98
1.39
2.08
.35
.67
4.5
3.36
1.24
3.98
2.77
2.9
4.22
3.17
7.01
.6
3.39
5.14
2.09
3.58
4.16
2.05
2.44
3.67
1.35
1.01
.67
3.53
5.98
4.76
1.14
1.61
1.7
2.58
.8
1.08
2.08
2.3
3.17
4.33
5.37
1.6
1.51
3.03
2.7
.83
2.54
2.28
1.67
3.07
3.79
1.37
2.76
3.63
2.97
3.32
1.34
2.37
2.4
2.68
1.83
1.46
2.94
2.1
.62
5.51
1.61
2.94
2.53
3.31
.32
2.6
2.88
4.02
3.81
3.7
.96
1.16
2.36
4.57
.91
1.65
3.66
3.99
4.49
2.2
1.59
3.46
1.38
3.52
4.27
3.95
4.94
1.99
3
4.68
1.37
2.17
2.36
2.54
1.85
4.6
3.96
.28
3.29
5.42
4.93
2.72
3.6
.61
3.62
2.61
3.21
4.53
2.05
6.57
4.18
1
3.5
1.24
