7.5
3.89
4.68
6.02
1.99
2.43
1.92
2.56
.92
4.59
1.57
2.55
3.78
.4
3.19
2.85
4.37
3.16
3.34
3.32
5.92
4.17
2.02
3
3.06
2.29
2.8
3.29
2.42
2.36
2.46
1.85
2.62
3.25
1.36
1.51
2.86
2.29
1.09
2.73
5.29
2.01
3.14
2.77
4.36
3.8
2.95
6.34
1.48
4.15
2.17
2.88
1.11
3.73
2.08
1.33
.7
2.31
2.65
3.27
1.17
.74
2.08
1.51
1.26
2.77
6.42
2.16
2.07
3.22
8.84
5.94
1.68
3.26
5.9
1.93
4.71
1.32
2.92
3.96
2.08
3.43
4.98
1.89
2.76
1.32
4.15
1.13
2.28
3.4
.96
1.46
5.02
4.03
3.39
2.88
2.26
2.47
1.72
1.08
4.07
4.08
4.15
5.91
3.47
2.89
2.92
4.96
4.18
4.06
5.88
1.73
2.66
3.5
4.44
4.78
2.52
1.76
.52
.73
2.03
.39
.15
1.33
2.33
2.82
1.83
2.68
