2.29
1.72
1.56
1.95
1.1
2.46
1.33
.73
2.07
.92
1.78
1.78
3.05
.97
1.17
.25
.74
2
1.4
1.73
1.79
1.9
2.08
.5
1.26
.85
2.5
1.67
1.19
1.52
1.04
1.93
1.58
2.32
2.19
1.34
1.92
1.66
.57
1.23
.93
1.07
1.1
1.25
.41
1.21
1.04
1.41
.85
1.07
1.15
.86
1.11
1.68
1.91
2.04
1.48
1.63
.69
2.26
1.49
2.63
1.76
1.61
1.63
.97
1.75
3.48
2.57
1
1.85
.99
1.99
1.11
1.97
.43
.77
.49
1.44
1.27
.9
1.16
1.36
1.67
.96
2.93
1.06
1.65
.58
.93
1.04
.88
1.65
1.87
1.78
2.03
