(150, 250)
(250, 150)
(150, 50)
(50, 150)
(151, 250)
(151, 50)
(149, 50)
(149, 250)
(152, 250)
(152, 50)
(148, 50)
(148, 250)
(153, 250)
(153, 50)
(147, 50)
(147, 250)
(154, 250)
(154, 50)
(146, 50)
(146, 250)
(155, 250)
(155, 50)
(145, 50)
(145, 250)
(156, 250)
(156, 50)
(144, 50)
(144, 250)
(157, 250)
(157, 50)
(143, 50)
(143, 250)
(158, 250)
(158, 50)
(142, 50)
(142, 250)
(159, 250)
(159, 50)
(141, 50)
(141, 250)
(160, 249)
(160, 51)
(140, 51)
(140, 249)
(161, 249)
(161, 51)
(139, 51)
(139, 249)
(162, 249)
(162, 51)
(138, 51)
(138, 249)
(163, 249)
(163, 51)
(137, 51)
(137, 249)
(164, 249)
(164, 51)
(136, 51)
(136, 249)
(165, 249)
(165, 51)
(135, 51)
(135, 249)
(166, 249)
(166, 51)
(134, 51)
(134, 249)
(167, 249)
(167, 51)
(133, 51)
(133, 249)
(168, 248)
(168, 52)
(132, 52)
(132, 248)
(169, 248)
(169, 52)
(131, 52)
(131, 248)
(170, 248)
(170, 52)
(130, 52)
(130, 248)
(171, 248)
(171, 52)
(129, 52)
(129, 248)
(172, 248)
(172, 52)
(128, 52)
(128, 248)
(173, 247)
(173, 53)
(127, 53)
(127, 247)
(174, 247)
(174, 53)
(126, 53)
(126, 247)
(175, 247)
(175, 53)
(125, 53)
(125, 247)
(176, 247)
(176, 53)
(124, 53)
(124, 247)
(177, 246)
(177, 54)
(123, 54)
(123, 246)
(178, 246)
(178, 54)
(122, 54)
(122, 246)
(179, 246)
(179, 54)
(121, 54)
(121, 246)
(180, 245)
(180, 55)
(120, 55)
(120, 245)
(181, 245)
(181, 55)
(119, 55)
(119, 245)
(182, 245)
(182, 55)
(118, 55)
(118, 245)
(183, 244)
(183, 56)
(117, 56)
(117, 244)
(184, 244)
(184, 56)
(116, 56)
(116, 244)
(185, 244)
(185, 56)
(115, 56)
(115, 244)
(186, 243)
(186, 57)
(114, 57)
(114, 243)
(187, 243)
(187, 57)
(113, 57)
(113, 243)
(188, 242)
(188, 58)
(112, 58)
(112, 242)
(189, 242)
(189, 58)
(111, 58)
(111, 242)
(190, 242)
(190, 58)
(110, 58)
(110, 242)
(191, 241)
(191, 59)
(109, 59)
(109, 241)
(192, 241)
(192, 59)
(108, 59)
(108, 241)
(193, 240)
(193, 60)
(107, 60)
(107, 240)
(194, 240)
(194, 60)
(106, 60)
(106, 240)
(195, 239)
(195, 61)
(105, 61)
(105, 239)
(196, 239)
(196, 61)
(104, 61)
(104, 239)
(197, 238)
(197, 62)
(103, 62)
(103, 238)
(198, 238)
(198, 62)
(102, 62)
(102, 238)
(199, 237)
(199, 63)
(101, 63)
(101, 237)
(200, 237)
(200, 63)
(100, 63)
(100, 237)
(201, 236)
(201, 64)
(99, 64)
(99, 236)
(202, 235)
(202, 65)
(98, 65)
(98, 235)
(203, 235)
(203, 65)
(97, 65)
(97, 235)
(204, 234)
(204, 66)
(96, 66)
(96, 234)
(205, 234)
(205, 66)
(95, 66)
(95, 234)
(206, 233)
(206, 67)
(94, 67)
(94, 233)
(207, 232)
(207, 68)
(93, 68)
(93, 232)
(208, 231)
(208, 69)
(92, 69)
(92, 231)
(209, 231)
(209, 69)
(91, 69)
(91, 231)
(210, 230)
(210, 70)
(90, 70)
(90, 230)
(211, 229)
(211, 71)
(89, 71)
(89, 229)
(212, 228)
(212, 72)
(88, 72)
(88, 228)
(213, 228)
(213, 72)
(87, 72)
(87, 228)
(214, 227)
(214, 73)
(86, 73)
(86, 227)
(215, 226)
(215, 74)
(85, 74)
(85, 226)
(216, 225)
(216, 75)
(84, 75)
(84, 225)
(217, 224)
(217, 76)
(83, 76)
(83, 224)
(218, 223)
(218, 77)
(82, 77)
(82, 223)
(219, 222)
(219, 78)
(81, 78)
(81, 222)
(220, 221)
(220, 79)
(80, 79)
(80, 221)
(221, 220)
(221, 80)
(79, 80)
(79, 220)
(222, 219)
(222, 81)
(78, 81)
(78, 219)
(223, 218)
(223, 82)
(77, 82)
(77, 218)
(224, 217)
(224, 83)
(76, 83)
(76, 217)
(225, 216)
(225, 84)
(75, 84)
(75, 216)
(226, 215)
(226, 85)
(74, 85)
(74, 215)
(227, 214)
(227, 86)
(73, 86)
(73, 214)
(228, 213)
(228, 87)
(72, 87)
(72, 213)
(228, 212)
(228, 88)
(72, 88)
(72, 212)
(229, 211)
(229, 89)
(71, 89)
(71, 211)
(230, 210)
(230, 90)
(70, 90)
(70, 210)
(231, 209)
(231, 91)
(69, 91)
(69, 209)
(231, 208)
(231, 92)
(69, 92)
(69, 208)
(232, 207)
(232, 93)
(68, 93)
(68, 207)
(233, 206)
(233, 94)
(67, 94)
(67, 206)
(234, 205)
(234, 95)
(66, 95)
(66, 205)
(234, 204)
(234, 96)
(66, 96)
(66, 204)
(235, 203)
(235, 97)
(65, 97)
(65, 203)
(235, 202)
(235, 98)
(65, 98)
(65, 202)
(236, 201)
(236, 99)
(64, 99)
(64, 201)
(237, 200)
(237, 100)
(63, 100)
(63, 200)
(237, 199)
(237, 101)
(63, 101)
(63, 199)
(238, 198)
(238, 102)
(62, 102)
(62, 198)
(238, 197)
(238, 103)
(62, 103)
(62, 197)
(239, 196)
(239, 104)
(61, 104)
(61, 196)
(239, 195)
(239, 105)
(61, 105)
(61, 195)
(240, 194)
(240, 106)
(60, 106)
(60, 194)
(240, 193)
(240, 107)
(60, 107)
(60, 193)
(241, 192)
(241, 108)
(59, 108)
(59, 192)
(241, 191)
(241, 109)
(59, 109)
(59, 191)
(242, 190)
(242, 110)
(58, 110)
(58, 190)
(242, 189)
(242, 111)
(58, 111)
(58, 189)
(242, 188)
(242, 112)
(58, 112)
(58, 188)
(243, 187)
(243, 113)
(57, 113)
(57, 187)
(243, 186)
(243, 114)
(57, 114)
(57, 186)
(244, 185)
(244, 115)
(56, 115)
(56, 185)
(244, 184)
(244, 116)
(56, 116)
(56, 184)
(244, 183)
(244, 117)
(56, 117)
(56, 183)
(245, 182)
(245, 118)
(55, 118)
(55, 182)
(245, 181)
(245, 119)
(55, 119)
(55, 181)
(245, 180)
(245, 120)
(55, 120)
(55, 180)
(246, 179)
(246, 121)
(54, 121)
(54, 179)
(246, 178)
(246, 122)
(54, 122)
(54, 178)
(246, 177)
(246, 123)
(54, 123)
(54, 177)
(247, 176)
(247, 124)
(53, 124)
(53, 176)
(247, 175)
(247, 125)
(53, 125)
(53, 175)
(247, 174)
(247, 126)
(53, 126)
(53, 174)
(247, 173)
(247, 127)
(53, 127)
(53, 173)
(248, 172)
(248, 128)
(52, 128)
(52, 172)
(248, 171)
(248, 129)
(52, 129)
(52, 171)
(248, 170)
(248, 130)
(52, 130)
(52, 170)
(248, 169)
(248, 131)
(52, 131)
(52, 169)
(248, 168)
(248, 132)
(52, 132)
(52, 168)
(249, 167)
(249, 133)
(51, 133)
(51, 167)
(249, 166)
(249, 134)
(51, 134)
(51, 166)
(249, 165)
(249, 135)
(51, 135)
(51, 165)
(249, 164)
(249, 136)
(51, 136)
(51, 164)
(249, 163)
(249, 137)
(51, 137)
(51, 163)
(249, 162)
(249, 138)
(51, 138)
(51, 162)
(249, 161)
(249, 139)
(51, 139)
(51, 161)
(249, 160)
(249, 140)
(51, 140)
(51, 160)
(250, 159)
(250, 141)
(50, 141)
(50, 159)
(250, 158)
(250, 142)
(50, 142)
(50, 158)
(250, 157)
(250, 143)
(50, 143)
(50, 157)
(250, 156)
(250, 144)
(50, 144)
(50, 156)
(250, 155)
(250, 145)
(50, 145)
(50, 155)
(250, 154)
(250, 146)
(50, 146)
(50, 154)
(250, 153)
(250, 147)
(50, 147)
(50, 153)
(250, 152)
(250, 148)
(50, 148)
(50, 152)
(250, 151)
(250, 149)
(50, 149)
(50, 151)
