(100, 200)
(200, 100)
(100, 0)
(0, 100)
(101, 200)
(200, 101)
(200, 99)
(101, 0)
(99, 0)
(0, 99)
(0, 101)
(99, 200)
(102, 200)
(200, 102)
(200, 98)
(102, 0)
(98, 0)
(0, 98)
(0, 102)
(98, 200)
(103, 200)
(200, 103)
(200, 97)
(103, 0)
(97, 0)
(0, 97)
(0, 103)
(97, 200)
(104, 200)
(200, 104)
(200, 96)
(104, 0)
(96, 0)
(0, 96)
(0, 104)
(96, 200)
(105, 200)
(200, 105)
(200, 95)
(105, 0)
(95, 0)
(0, 95)
(0, 105)
(95, 200)
(106, 200)
(200, 106)
(200, 94)
(106, 0)
(94, 0)
(0, 94)
(0, 106)
(94, 200)
(107, 200)
(200, 107)
(200, 93)
(107, 0)
(93, 0)
(0, 93)
(0, 107)
(93, 200)
(108, 200)
(200, 108)
(200, 92)
(108, 0)
(92, 0)
(0, 92)
(0, 108)
(92, 200)
(109, 200)
(200, 109)
(200, 91)
(109, 0)
(91, 0)
(0, 91)
(0, 109)
(91, 200)
(110, 199)
(199, 110)
(199, 90)
(110, 1)
(90, 1)
(1, 90)
(1, 110)
(90, 199)
(111, 199)
(199, 111)
(199, 89)
(111, 1)
(89, 1)
(1, 89)
(1, 111)
(89, 199)
(112, 199)
(199, 112)
(199, 88)
(112, 1)
(88, 1)
(1, 88)
(1, 112)
(88, 199)
(113, 199)
(199, 113)
(199, 87)
(113, 1)
(87, 1)
(1, 87)
(1, 113)
(87, 199)
(114, 199)
(199, 114)
(199, 86)
(114, 1)
(86, 1)
(1, 86)
(1, 114)
(86, 199)
(115, 199)
(199, 115)
(199, 85)
(115, 1)
(85, 1)
(1, 85)
(1, 115)
(85, 199)
(116, 199)
(199, 116)
(199, 84)
(116, 1)
(84, 1)
(1, 84)
(1, 116)
(84, 199)
(117, 199)
(199, 117)
(199, 83)
(117, 1)
(83, 1)
(1, 83)
(1, 117)
(83, 199)
(118, 198)
(198, 118)
(198, 82)
(118, 2)
(82, 2)
(2, 82)
(2, 118)
(82, 198)
(119, 198)
(198, 119)
(198, 81)
(119, 2)
(81, 2)
(2, 81)
(2, 119)
(81, 198)
(120, 198)
(198, 120)
(198, 80)
(120, 2)
(80, 2)
(2, 80)
(2, 120)
(80, 198)
(121, 198)
(198, 121)
(198, 79)
(121, 2)
(79, 2)
(2, 79)
(2, 121)
(79, 198)
(122, 198)
(198, 122)
(198, 78)
(122, 2)
(78, 2)
(2, 78)
(2, 122)
(78, 198)
(123, 197)
(197, 123)
(197, 77)
(123, 3)
(77, 3)
(3, 77)
(3, 123)
(77, 197)
(124, 197)
(197, 124)
(197, 76)
(124, 3)
(76, 3)
(3, 76)
(3, 124)
(76, 197)
(125, 197)
(197, 125)
(197, 75)
(125, 3)
(75, 3)
(3, 75)
(3, 125)
(75, 197)
(126, 197)
(197, 126)
(197, 74)
(126, 3)
(74, 3)
(3, 74)
(3, 126)
(74, 197)
(127, 196)
(196, 127)
(196, 73)
(127, 4)
(73, 4)
(4, 73)
(4, 127)
(73, 196)
(128, 196)
(196, 128)
(196, 72)
(128, 4)
(72, 4)
(4, 72)
(4, 128)
(72, 196)
(129, 196)
(196, 129)
(196, 71)
(129, 4)
(71, 4)
(4, 71)
(4, 129)
(71, 196)
(130, 195)
(195, 130)
(195, 70)
(130, 5)
(70, 5)
(5, 70)
(5, 130)
(70, 195)
(131, 195)
(195, 131)
(195, 69)
(131, 5)
(69, 5)
(5, 69)
(5, 131)
(69, 195)
(132, 195)
(195, 132)
(195, 68)
(132, 5)
(68, 5)
(5, 68)
(5, 132)
(68, 195)
(133, 194)
(194, 133)
(194, 67)
(133, 6)
(67, 6)
(6, 67)
(6, 133)
(67, 194)
(134, 194)
(194, 134)
(194, 66)
(134, 6)
(66, 6)
(6, 66)
(6, 134)
(66, 194)
(135, 194)
(194, 135)
(194, 65)
(135, 6)
(65, 6)
(6, 65)
(6, 135)
(65, 194)
(136, 193)
(193, 136)
(193, 64)
(136, 7)
(64, 7)
(7, 64)
(7, 136)
(64, 193)
(137, 193)
(193, 137)
(193, 63)
(137, 7)
(63, 7)
(7, 63)
(7, 137)
(63, 193)
(138, 192)
(192, 138)
(192, 62)
(138, 8)
(62, 8)
(8, 62)
(8, 138)
(62, 192)
(139, 192)
(192, 139)
(192, 61)
(139, 8)
(61, 8)
(8, 61)
(8, 139)
(61, 192)
(140, 192)
(192, 140)
(192, 60)
(140, 8)
(60, 8)
(8, 60)
(8, 140)
(60, 192)
(141, 191)
(191, 141)
(191, 59)
(141, 9)
(59, 9)
(9, 59)
(9, 141)
(59, 191)
(142, 191)
(191, 142)
(191, 58)
(142, 9)
(58, 9)
(9, 58)
(9, 142)
(58, 191)
(143, 190)
(190, 143)
(190, 57)
(143, 10)
(57, 10)
(10, 57)
(10, 143)
(57, 190)
(144, 190)
(190, 144)
(190, 56)
(144, 10)
(56, 10)
(10, 56)
(10, 144)
(56, 190)
(145, 189)
(189, 145)
(189, 55)
(145, 11)
(55, 11)
(11, 55)
(11, 145)
(55, 189)
(146, 189)
(189, 146)
(189, 54)
(146, 11)
(54, 11)
(11, 54)
(11, 146)
(54, 189)
(147, 188)
(188, 147)
(188, 53)
(147, 12)
(53, 12)
(12, 53)
(12, 147)
(53, 188)
(148, 188)
(188, 148)
(188, 52)
(148, 12)
(52, 12)
(12, 52)
(12, 148)
(52, 188)
(149, 187)
(187, 149)
(187, 51)
(149, 13)
(51, 13)
(13, 51)
(13, 149)
(51, 187)
(150, 187)
(187, 150)
(187, 50)
(150, 13)
(50, 13)
(13, 50)
(13, 150)
(50, 187)
(151, 186)
(186, 151)
(186, 49)
(151, 14)
(49, 14)
(14, 49)
(14, 151)
(49, 186)
(152, 185)
(185, 152)
(185, 48)
(152, 15)
(48, 15)
(15, 48)
(15, 152)
(48, 185)
(153, 185)
(185, 153)
(185, 47)
(153, 15)
(47, 15)
(15, 47)
(15, 153)
(47, 185)
(154, 184)
(184, 154)
(184, 46)
(154, 16)
(46, 16)
(16, 46)
(16, 154)
(46, 184)
(155, 184)
(184, 155)
(184, 45)
(155, 16)
(45, 16)
(16, 45)
(16, 155)
(45, 184)
(156, 183)
(183, 156)
(183, 44)
(156, 17)
(44, 17)
(17, 44)
(17, 156)
(44, 183)
(157, 182)
(182, 157)
(182, 43)
(157, 18)
(43, 18)
(18, 43)
(18, 157)
(43, 182)
(158, 181)
(181, 158)
(181, 42)
(158, 19)
(42, 19)
(19, 42)
(19, 158)
(42, 181)
(159, 181)
(181, 159)
(181, 41)
(159, 19)
(41, 19)
(19, 41)
(19, 159)
(41, 181)
(160, 180)
(180, 160)
(180, 40)
(160, 20)
(40, 20)
(20, 40)
(20, 160)
(40, 180)
(161, 179)
(179, 161)
(179, 39)
(161, 21)
(39, 21)
(21, 39)
(21, 161)
(39, 179)
(162, 178)
(178, 162)
(178, 38)
(162, 22)
(38, 22)
(22, 38)
(22, 162)
(38, 178)
(163, 178)
(178, 163)
(178, 37)
(163, 22)
(37, 22)
(22, 37)
(22, 163)
(37, 178)
(164, 177)
(177, 164)
(177, 36)
(164, 23)
(36, 23)
(23, 36)
(23, 164)
(36, 177)
(165, 176)
(176, 165)
(176, 35)
(165, 24)
(35, 24)
(24, 35)
(24, 165)
(35, 176)
(166, 175)
(175, 166)
(175, 34)
(166, 25)
(34, 25)
(25, 34)
(25, 166)
(34, 175)
(167, 174)
(174, 167)
(174, 33)
(167, 26)
(33, 26)
(26, 33)
(26, 167)
(33, 174)
(168, 173)
(173, 168)
(173, 32)
(168, 27)
(32, 27)
(27, 32)
(27, 168)
(32, 173)
(169, 172)
(172, 169)
(172, 31)
(169, 28)
(31, 28)
(28, 31)
(28, 169)
(31, 172)
(170, 171)
(171, 170)
(171, 30)
(170, 29)
(30, 29)
(29, 30)
(29, 170)
(30, 171)
